20707
51712
36089
33986
37692
48162
24343
20940
20696
45699
1882
17675
25914
41895
55183
625
21274
1166
9553
56535
27923
36246
5621
45725
16185
17810
28397
33998
50334
55429
46017
1567
18772
18841
58452
41614
25313
46272
46540
47265
13301
56119
8615
53793
47107
59758
35834
12757
25358
46608
7956
6571
6823
17762
28937
5626
13410
1633
46072
25663
15067
13959
47791
432
18665
25437
13346
24014
17035
12888
32717
18289
5317
34505
26980
4086
19695
46166
18210
19433
38293
4152
43642
15130
25639
39817
1413
26493
20625
3849
54604
50656
43230
41722
26631
51227
27531
17787
14220
6354
17658
13160
4239
12432
9332
42146
47612
13686
22498
43429
57353
27783
50318
5561
58410
39398
46399
1533
44615
37316
45651
34276
32421
56168
44493
53917
42455
11311
13439
38455
8075
4644
39149
12230
45189
30287
54076
11151
19517
42093
9680
50116
36310
19862
3954
46402
33186
27896
45595
2996
39336
18198
45677
57957
33769
31132
53038
59843
11573
8779
11857
35088
10364
481
58985
30921
59144
46245
54630
7010
28721
51673
12840
30489
26661
38020
27978
42356
50424
22729
40021
28434
49882
59471
44982
25218
14869
22221
17155
59831
14717
55329
7110
44226
54893
50791
53486
16414
20954
15113
57647
26151
11926
31155
58103
58935
4048
45274
26380
20522
11511
36833
7610
4403
43341
15822
27644
36728
35066
44843
23828
17182
20068
34138
8845
30109
38727
52579
46160
27935
3518
13735
21561
48501
25158
34124
38211
59398
58699
40677
2332
25734
29165
6219
3278
52969
43867
15410
25258
43559
52981
9137
58325
25095
41283
2730
23501
38487
2089
2674
51042
17437
39562
37617
31806
45038
47424
52521
19609
39817
20957
9691
37154
41862
54840
57220
49764
39895
1952
23992
39651
42240
37669
20967
18791
8604
10524
30846
40768
5430
3265
32474
31031
45287
58416
52544
51028
359
39362
25136
24537
41556
1807
9558
44273
48125
1128
8736
43466
37821
38710
24036
40594
44820
34764
37925
45835
41512
26482
53320
35054
1133
8505
37694
51235
30945
17793
1202
44303
10229
16891
41106
8120
43838
48405
29668
18195
30397
59163
29483
35283
24447
45145
28850
38519
3926
7635
20317
27122
18322
17409
37945
41952
8726
36925
43111
27306
58650
50562
4801
59350
34149
19869
18410
30458
3181
54602
46935
58465
7516
11018
50236
46456
15722
16438
51701
52233
52817
53539
37167
16958
1174
19139
48347
9702
18083
20408
42309
28782
38102
26531
39692
21743
22907
35740
57366
23716
27829
46477
36165
48634
12597
57115
31075
19404
34023
41217
29933
31635
40451
34772
27212
10887
41775
48122
21855
25655
14634
38512
32428
57426
40151
29221
48993
25132
1140
58188
29127
54212
27187
2856
55428
10223
29333
38620
3635
23571
31337
5839
4092
35429
41536
4820
54895
35276
18335
49448
42372
17743
43165
28366
3908
20568
47471
7642
9209
36453
44892
40792
19174
59508
36252
50848
46429
51687
3309
54850
8347
56257
7450
33665
12044
3837
41590
49515
41361
11905
27500
39873
28247
10939
46636
49575
5234
19442
20253
43076
11848
36144
34174
45674
5818
20501
15052
16366
9878
32382
48309
15675
46689
38465
23127
39338
58098
26317
57005
23186
50458
57559
11285
25849
35145
38721
19983
24122
42686
52528
36883
30848
49
53363
20519
47155
33691
28511
23075
9657
15862
21529
7624
48917
48428
5736
48298
18061
37128
24278
30097
19807
49728
18618
59009
56552
33919
9543
58930
31271
55081
33889
29629
37105
200
36197
9544
50406
42244
7373
48702
5830
49219
52178
50363
22758
33868
13993
5237
49872
33689
48791
39174
19157
46405
40641
4226
51905
3481
8293
3795
17468
23521
6516
15319
10597
8558
36882
58509
45098
9245
50524
33645
40382
49901
10174
22758
43135
51095
376
6750
18924
36146
53308
43586
27967
58413
12967
56662
5611
38671
12763
58303
1247
36139
10662
41033
49450
12872
52013
28871
34059
49271
53095
32376
59726
28356
18119
14476
6149
8226
19087
9359
7762
25789
41375
3788
56072
40358
48292
9146
23173
53133
45110
43390
53125
7846
27185
24779
22947
29004
57765
13849
16923
47207
19000
26565
26717
15889
54343
39924
5465
651
12227
21481
46599
20955
49347
16400
47567
4526
17269
19546
14932
37180
38324
46013
50513
15073
55887
31180
48300
32548
104
975
48783
26740
23026
54510
41182
30041
6861
34562
34712
53283
15634
26616
57593
16152
24103
44260
6957
36883
58093
27698
4082
30669
17690
2960
47612
45524
28857
22158
22433
25454
39999
29662
13843
53859
7924
55572
55444
54954
42345
46208
4888
57799
19729
41528
54128
56177
15761
21491
20309
28062
21091
27345
29708
50873
57255
19656
318
2916
38804
42618
8758
57648
33644
3753
14071
35348
16495
29607
24853
36746
30083
21347
16764
24894
25348
9431
55086
25238
25392
33550
51406
19370
8314
53067
4805
35347
11292
43975
46125
26728
42403
1126
38948
23650
47668
59087
52854
12279
18685
31403
13311
13880
949
26443
48281
51517
54588
8171
14129
51075
47734
32294
52899
23775
28124
2218
9313
39805
40765
35045
19023
46946
58633
5603
49721
14201
49350
46053
33643
48517
53672
111
13799
22537
21364
4243
16958
3128
56645
53407
3972
24084
8913
46035
32456
41906
24786
11855
58138
30988
14792
27060
59408
13810
22115
53997
14613
22880
31835
47150
13614
14208
26956
23680
23905
16985
22261
25087
37289
50934
8652
36802
55667
31433
19148
44600
13920
33051
43059
10674
4182
54534
7116
28086
38976
22559
11455
39975
30755
27726
34348
9547
52314
44277
2449
18288
16353
44951
3053
13219
33150
24142
31520
39198
12871
26186
40473
59388
13457
21149
47780
5946
56372
57852
27560
53870
20633
33178
12580
13605
654
27858
57412
52640
15315
51927
29564
22778
44527
17995
10595
28093
25201
37202
40780
58806
1133
51424
49451
18431
30711
35790
58461
25447
52682
27991
8501
56651
13390
25145
57084
37034
48967
35098
53056
10610
52871
37132
45308
28093
3002
36873
13150
20682
13282
52055
12420
54386
12162
59366
34886
16452
54953
8206
58876
14391
8167
24514
46329
48963
42272
47173
15560
55182
54279
20594
50039
9985
13561
50134
31368
1705
3068
11918
29353
24788
53825
55375
23726
3432
43115
45490
10540
59920
26237
42273
41647
47368
17987
47363
57916
2452
53215
41963
5945
21413
35882
56434
54055
42193
12949
49941
6202
47053
43261
18405
32177
3349
52249
10823
9121
35355
10862
17654
42847
7114
51551
40503
7842
15273
55433
39738
52078
1676
12972
45942
36859
38231
15550
52274
22957
31127
57236
17819
32132
37973
54885
6922
47897
9748
50365
6283
11007
39667
41276
40215
53629
3178
35969
5042
41557
47243
24957
25961
56039
52920
24014
44016
25945
32953
14318
46957
36965
35697
41907
25791
57427
48135
22546
8746
30055
4122
48779
56116
25601
9166
53499
53156
57810
30181
48803
53666
39510
47590
10197
24353
56900
28001
34432
19312
13207
48401
4260
35132
3883
47395
5389
20135
13401
15475
59673
56207
48425
44670
24292
38403
43781
38116
19228
6201
56130
12175
44755
30775
55630
27730
57008
35099
18100
43076
42839
17927
29352
8580
55263
48878
39318
42849
37700
39874
46497
21626
19050
58065
12977
13963
22307
7192
46917
35434
56987
7937
2862
55255
20073
33391
647
33125
31484
43125
30882
12456
18274
48669
39128
39363
16807
14325
21887
51383
24102
30277
45378
46358
18341
49879
12844
20251
24224
39741
17720
52872
1407
9940
28523
42614
3698
52155
16681
25209
32990
35965
759
57409
15103
57810
19667
24177
54743
43271
3437
57577
3754
31356
23019
37006
20618
39377
10285
33770
9850
38769
26076
28201
7503
45889
17595
24607
3420
47322
26834
18325
42189
36636
8977
29968
2922
38827
53819
14683
3068
19808
34261
38822
3365
21358
33795
52903
29889
46829
29650
18057
34796
29699
29889
23394
29948
5694
41233
23804
27028
39755
19776
51659
4064
31503
28981
11747
11459
37150
18500
56462
50705
41942
3309
17885
5845
15262
45570
4821
1624
40417
1344
16251
22882
52905
50917
57811
37358
24610
24986
35053
58466
36924
49338
56172
45952
33157
17879
47739
50477
49909
8023
29699
3277
38211
33404
10459
53957
58278
6790
9395
8282
6607
40796
12405
53538
10958
5617
16380
1560
47366
31507
40536
48981
33903
9102
36534
50569
38281
22910
15136
44673
677
52446
44863
59888
59311
51458
47728
8970
54340
48569
38563
59841
35517
22417
47798
4208
10870
30979
52785
21876
7278
18270
39828
43277
29361
21989
28060
24036
524
2902
47127
23587
29219
30905
13394
44898
44713
33686
33925
44313
29604
41783
3998
59323
1293
8573
52235
47750
1346
45372
47644
44399
20376
30285
34958
20669
56564
4849
8639
58908
58369
24744
11715
26498
16237
19958
13388
34699
24285
25823
38887
14223
50944
9155
36540
13322
37477
33541
50365
24841
25023
44379
41697
16269
54524
47812
30464
51233
49368
28054
5671
12199
58009
54847
25519
22329
23117
56925
10275
39498
34914
58333
5619
37404
39446
12349
634
17531
7377
22482
22983
31375
5719
51640
23989
54949
33538
29077
48453
46959
23213
30082
38000
38413
51214
5612
22587
24550
26672
38225
12508
88
52128
16631
12845
15673
18907
54059
43755
17270
9443
25400
23341
873
30682
24688
35050
32507
16312
27987
38660
7906
31125
27112
12848
57568
28203
36888
58204
41079
28893
52718
2243
39628
56715
6294
12575
7614
19328
55096
20853
3013
57632
46110
8458
21876
47831
15795
45084
14889
30933
26841
43507
43348
14707
37613
57746
18227
25515
32445
27698
39184
1692
10043
1024
10421
56345
13274
2658
17233
55413
26481
13778
40916
16783
6202
45426
10356
58006
47805
27148
56199
43807
24050
18160
47933
30137
21931
27471
55519
8881
51435
253
45388
26647
3962
30470
15690
2190
59120
34342
37607
63
16535
25715
18342
32987
24004
52718
57111
22212
4979
45338
7975
3781
16851
25591
52834
9165
16881
45977
4175
11096
14857
27711
20368
29751
30693
27949
46358
20548
11183
54835
49539
12875
12966
50621
4393
18959
48552
36502
10173
23866
18831
57972
3465
21258
59017
26630
51896
15106
45338
43332
6547
44887
7020
28389
48858
11157
22258
17275
52821
59461
7839
4858
35210
23633
39961
37656
25431
54407
48548
41944
32206
26042
28971
35773
56910
22324
33579
45032
22795
33839
40824
27646
55641
30786
52012
45879
4556
49923
14816
54378
31727
30337
58701
51211
6828
10810
30275
50616
35611
21405
36331
59516
32912
3719
18945
35056
37812
17866
40534
47528
23188
19803
27100
12009
33142
40001
25163
42865
10018
23759
32006
7999
7758
24573
19831
54324
50284
55059
12323
22369
22406
34763
46836
6312
16431
31026
27069
45905
20221
27694
19566
18890
1864
16991
12754
16426
2442
12288
59508
9923
11568
3773
43286
15365
30399
5174
3961
10821
23805
47713
12265
4288
7133
47398
11564
22347
23744
23487
52278
35362
47006
19662
47755
51983
44896
54948
20795
24744
36667
28819
7253
29337
29195
4219
57273
52878
5722
53372
25701
31078
51601
14279
31101
10680
483
10708
7546
1874
30077
35270
34959
5610
29135
43790
52297
32831
36799
59767
13235
16593
1704
57
56243
53904
1460
47239
50085
1797
23161
30254
21759
31778
12524
32933
36758
58228
33047
49938
41304
39686
37299
31429
32792
7154
19952
21384
18217
668
56674
20084
10688
14315
14229
28624
41421
742
5393
2612
28677
28920
37289
33376
6155
43473
3716
48019
31182
40418
20844
54556
27820
52428
1328
35154
51593
47008
24454
29155
31080
43004
9366
48075
46954
24897
14735
7176
31298
40102
11401
42499
49183
22271
44595
28386
432
53143
39262
58545
12424
36973
5846
3619
24499
14907
14534
50014
11149
11874
3567
58346
34714
25677
51615
35450
18609
56909
15558
11267
29415
59170
13167
31191
10255
1779
35263
35650
38876
41750
3845
21674
11734
38292
51509
6151
133
31396
23138
57208
26063
26331
13426
28847
23916
57916
13207
44454
29597
32434
3903
47228
50807
40885
52551
9853
1405
4966
19948
31865
8728
36804
41393
11229
25649
44877
33297
56506
38869
1948
39617
27803
41589
46016
59651
58320
12174
12397
33128
53856
30821
14004
39877
55034
33473
37739
19496
36269
6342
47630
11554
46686
45399
59914
58739
31179
23081
1769
44213
44746
19172
23698
10105
9989
24477
5805
26624
26319
14376
20304
10717
19954
14727
26529
9508
46174
4834
40591
6928
39592
41312
39523
22012
34345
42686
29351
24264
24143
27411
47985
35322
22009
27787
27178
56796
51317
48807
43001
41769
53408
44530
21386
31816
12561
44901
14237
52781
16527
23202
42473
20661
50087
8442
15044
14054
272
17984
37607
41558
14883
33576
946
11281
878
8709
27623
15347
15952
36833
15516
14823
35288
8476
49014
29923
6010
655
52604
46660
54227
14246
57398
4293
23879
44075
18914
47996
22717
12507
43950
18068
28799
160
55914
867
10758
27145
31280
7276
16914
54823
55054
32120
31914
31601
50245
2346
45145
56616
35285
3114
42539
42451
34173
59117
42696
42111
6865
23509
49371
6494
1985
8750
25428
36482
425
42502
48241
8477
16714
7373
23328
23896
55294
45867
11617
21554
20874
1352
6317
37318
36054
2149
37726
57590
25201
19017
48618
32347
1320
36401
8985
29433
2215
34722
26936
4687
3721
4783
42481
32234
51120
26094
22667
45862
15076
58417
30225
25960
35497
20325
33384
46791
25733
19835
1924
16185
10295
372
13824
33820
22080
30394
57993
45267
9594
36918
21619
36838
41188
22006
15562
41046
1632
6966
17999
24068
36581
21552
5185
5140
52569
14912
28703
33151
24126
11328
31011
17970
35485
6959
5334
43142
32006
3898
2135
32617
36090
24738
2397
47003
53783
44697
17873
44619
41626
38993
40235
19227
38521
50757
44681
39816
34459
59180
59128
28190
26955
8903
57477
37360
6825
29856
24759
37842
17701
51791
53074
19992
28241
59703
20306
38344
2474
5136
18475
38694
32037
44051
55371
20268
24312
54498
11761
13836
22514
36764
57005
41966
7790
54980
48299
29915
39204
42343
43045
54707
25196
2197
40019
16004
9717
14104
13002
5210
57669
57888
50476
59013
57660
19298
6739
30172
5270
38500
3452
31882
47115
7025
16172
32391
54987
30147
37808
53802
40152
9804
50220
43119
30634
28262
16346
14585
58873
4656
8251
30227
23652
55325
11399
10286
18464
54572
52250
46808
58785
5023
4885
12189
52735
46198
22948
9823
43617
36196
55561
46262
28652
34630
138
33398
5949
14930
41221
15200
1315
1152
42426
36383
38015
58161
18554
50152
15895
4793
36640
58780
41509
47142
38413
14256
17998
43544
2135
36656
42401
14142
9213
35076
48944
36122
10230
20140
59555
20724
36216
58063
17450
50113
34008
34122
26096
20971
59410
28149
34192
17367
58718
56261
37538
38020
27736
41565
30738
52505
18013
1908
15648
37254
2391
5026
39340
45393
36244
40557
52029
34519
16938
34352
5054
33439
32073
23435
10404
32725
16965
19671
56688
54590
33611
56837
41598
55190
37019
39294
18057
56858
50333
10811
20182
19083
7557
19365
16024
35269
41995
27816
6790
47323
39640
51421
36821
42067
59796
30946
15062
32311
10117
34943
17125
31045
50008
26344
17224
39830
45014
27028
31386
51860
25316
9405
57279
36486
33887
56277
31870
5194
4112
39382
55788
19053
42853
33019
52929
44618
32946
42002
45234
19065
29036
42977
5958
26010
22410
54708
29951
11039
34180
6482
6538
20407
41651
24121
59601
7660
10140
40344
30243
21130
51779
20354
40184
40312
3997
54502
48596
51050
53378
7769
21561
38298
5535
10542
11666
30858
18374
6786
35488
55118
34808
4208
18774
44186
11485
56375
13127
45161
42525
9013
13811
30460
21487
1808
26034
29166
51009
33050
36638
51314
57532
47312
29595
1819
18442
16126
37059
11457
761
28208
42910
29844
4136
9315
12856
9823
36425
52159
34091
43937
27578
54056
48355
51889
46775
14134
54976
42923
48963
32879
25027
29002
19929
4694
44234
3472
33966
18902
50588
45577
4976
46210
52837
3749
20475
46182
28107
50039
18530
6627
40909
4354
29
38038
41575
20352
22980
15378
29910
4909
41688
45457
9452
50001
51667
41060
29149
49652
21077
2695
12654
55288
31223
5482
10619
50396
12330
22173
18470
39801
6310
23688
41121
10221
15675
45783
16897
6907
46982
14581
35682
46245
48390
24723
40877
6147
33916
41730
51228
44840
21867
14943
36915
34368
11745
59001
14519
57660
42517
10349
47568
7476
15721
30596
13317
41823
49252
10836
42287
33647
31949
30119
14767
22625
55278
57293
8096
33874
46416
58287
49999
32129
56930
40664
26593
50697
33071
53877
58899
32000
7287
7188
18759
20979
46161
47535
44074
43942
27302
16928
54056
23594
57083
3042
57958
6095
22179
7683
35298
47870
30972
45667
42071
28748
45729
11419
45790
23666
33263
52188
32399
57739
10449
5299
20200
28933
51464
52215
59890
8887
56049
14443
55667
5608
12368
25417
50041
11826
24159
18521
54619
9726
9949
34251
40564
56594
41964
9281
45786
56579
54163
26820
31125
31344
32487
21131
24898
16812
45901
39460
54118
14523
4267
31882
31549
34286
38315
43662
50485
39896
48151
5760
53705
31591
19771
16951
49546
7756
3949
5795
26356
4052
28638
52311
26829
10698
34683
17694
25777
58101
45172
35795
28896
37296
1151
42327
55900
4864
20707
56893
29124
12065
44568
8896
38271
14822
59413
31303
13461
5044
59982
35945
32076
14416
2825
30688
30097
39381
18238
22275
5730
20445
22403
9038
12084
20261
49192
24906
56499
23121
348
30256
36840
23552
53929
16181
9654
23639
53902
16557
21567
57515
8711
27121
43630
7122
13378
32304
28528
45946
38394
19144
42681
6800
59144
32892
29197
16109
12041
41258
13513
10280
57805
3276
31246
9814
48478
44836
17378
13776
12809
45764
47370
31001
34511
3078
4120
5143
39716
51686
59921
58197
53554
37278
9643
31588
31362
46531
30338
45196
37389
27000
53306
42910
33158
33187
17370
28321
28808
56272
46711
56130
23746
32869
3054
53638
57853
2908
40374
2371
31265
18366
455
12468
29402
13073
9776
11850
30439
49192
12133
28569
34829
18188
17249
47833
40743
33280
23341
15337
15477
6297
41219
35421
20865
54799
48918
36390
674
15000
39257
26028
9710
2725
27876
57894
58028
28057
46445
13395
19169
9763
34661
35992
8734
32784
5525
52017
38901
46237
31069
37693
55633
30338
331
23838
48349
28551
17807
48579
6749
46005
18976
34061
6233
16833
19682
35696
12044
21606
8282
31954
42750
31376
13393
8976
46125
27122
35942
27489
14722
52477
41931
19567
4634
43650
31895
9692
58913
3288
54548
48413
17062
24803
35389
7548
13767
10290
46298
53455
53709
58659
29239
29334
34787
50995
6119
38805
19542
47369
17740
51230
3791
33489
37452
24261
42670
16535
59735
1072
27297
47422
10382
48509
20178
21468
43318
58098
14239
1061
39272
54388
19048
12434
23652
44567
58280
34004
34888
59565
24917
35994
40395
80
4937
50175
14993
10978
6383
24553
26211
24493
18764
30708
52398
56425
17612
1230
12851
10258
20813
41322
14448
1629
16975
42140
16297
20065
21626
3800
42938
36166
54443
13231
17438
40638
29974
36193
38430
26600
55487
13743
49779
18551
32594
21333
27965
30185
4204
13441
657
18908
15142
18294
10155
17501
23411
5695
7447
2771
9614
26382
46631
47377
44446
33543
5251
54171
48452
26290
3841
52463
34392
831
57548
42575
40581
38004
44170
28806
23484
35543
56290
1671
19609
10087
40389
57799
30409
27438
32936
313
29419
29939
2385
23849
58256
37090
56886
36506
7400
39648
20186
46139
48823
48447
32836
20280
40531
57041
42248
17829
58048
12028
23500
46311
4575
56540
2998
21063
30272
847
59210
32154
11600
59443
48609
41140
4077
16189
30868
32943
46074
38221
24995
58208
37441
15344
37735
38416
4756
34463
47015
49841
54929
28407
16538
53135
50627
5057
22864
52860
14675
6250
13392
15747
6096
6235
42636
27749
27862
16782
15006
28148
5703
20076
15048
4038
18465
41606
10664
423
23569
3083
11304
40005
25966
20170
11471
52397
45822
31451
30086
25055
48786
23542
8339
27683
33220
12620
12657
28137
21179
34903
45199
31064
34231
7729
52061
50564
51295
28868
58930
15085
43784
4592
35397
36589
43173
36756
52486
56700
57931
35780
13165
50094
389
19902
42698
39849
9657
51449
24654
758
44085
48137
19247
54806
6070
51492
43367
58062
33127
35530
46286
20179
42208
36653
1460
26490
9118
40515
53198
48399
1691
13192
47190
50279
4003
52503
15967
30576
49462
718
4335
51085
42997
2088
45660
51567
36842
7806
17602
56929
50582
26968
35491
21128
34139
14990
2976
55764
42285
20675
32962
42001
41045
19757
37015
2044
40001
26231
58553
50793
51
33152
54065
19638
3561
51848
27463
42520
53124
52586
55388
19457
26319
756
25865
44657
36862
50476
9177
5151
37451
2302
8178
41570
46391
33317
15449
15236
8736
6398
36832
5181
13203
796
4803
45011
58527
38452
41010
22720
37197
9556
55016
6614
40664
6873
5851
47438
48147
21226
24480
40604
21055
10270
18603
13128
26830
9317
36437
7390
59661
6456
33205
48321
51049
34605
3031
1898
10615
353
9788
1007
46790
13593
53130
29822
8224
2923
20574
19750
39739
59683
22918
58818
41568
48226
48656
52058
37407
11650
23242
53004
35445
30715
1156
35851
7077
19034
32694
34123
10392
39880
53227
54906
9828
49065
20410
47728
29515
24349
14395
44128
25863
34711
17577
47753
14868
32548
23732
25505
41362
58493
51633
27823
11102
12053
35317
10614
22118
41629
52127
22666
49137
24707
10509
40534
14177
43170
32256
37988
37576
9645
48477
9013
26711
8685
25028
42163
4605
41320
1502
9779
27372
43150
48062
48107
8105
4636
56518
43816
35352
17614
25992
28690
6717
24314
59376
37496
12389
34278
34472
24043
59596
576
53334
57410
46945
49577
44759
34127
37580
38287
18232
22759
21802
29893
42856
24919
23511
31630
51850
31171
10298
49484
32213
31568
14455
41455
29941
28794
21450
55270
43950
56892
13531
57389
16400
30535
9191
58051
53609
18572
54107
31827
10082
11294
55946
24796
18392
13394
14083
7916
29726
44060
55809
21592
23905
41912
53004
58623
53492
15723
37526
31876
4353
31876
59728
9026
4580
6469
2531
29547
15204
53800
53391
8913
49422
33603
28276
1580
12288
37020
15406
37804
49934
35679
22074
49741
26312
49599
45214
39511
26305
27780
25705
56018
16795
449
7543
58346
21810
13813
6006
31378
24391
37019
13899
4078
56135
36683
1687
2453
55580
46913
36014
7751
28700
42196
11610
45773
48738
46799
24006
5481
48450
27560
44752
14148
45533
16961
56967
22332
1618
337
47109
14814
46665
34868
8725
3377
3930
8704
35746
13946
5913
16099
26508
34072
38744
38895
5256
17159
11484
6001
15244
7029
37601
10662
26845
10587
58643
431
55242
27310
54683
56632
15278
2172
32611
28945
35968
43360
21648
26420
33932
37756
55715
4